{
  "advancedEditorSelectedIdentifier" : "ProjectBrowser",
  "openSceneRelativePaths" : [
    "Immersive.usda",
    "Assets\/HeadScene.usda"
  ],
  "recentIdentifiers" : {
    "AC7C8F1E-22C0-4E97-A30A-70AF972A38BA" : [

    ]
  },
  "sceneCameraHistory" : {
    "1B171A39-B71E-4B3D-BA0F-5CFF466768E3" : [
      {
        "date" : 747960003.913661,
        "title" : "Untitled",
        "transform" : [
          -0.9427286,
          -1.3291661e-08,
          0.33356073,
          0,
          0.0139618395,
          0.99912363,
          0.039459776,
          0,
          -0.33326843,
          0.04185696,
          -0.94190234,
          0,
          1.5924282,
          4.039479,
          -3.0384998,
          1
        ]
      },
      {
        "date" : 747959742.740072,
        "title" : "Untitled",
        "transform" : [
          -0.9427286,
          -1.3291661e-08,
          0.33356073,
          0,
          0.0139618395,
          0.99912363,
          0.039459776,
          0,
          -0.33326843,
          0.04185696,
          -0.94190234,
          0,
          -0.64883995,
          1.3619256,
          -2.364471,
          1
        ]
      },
      {
        "date" : 747959729.243782,
        "title" : "Untitled",
        "transform" : [
          -0.9427286,
          -1.3291661e-08,
          0.33356073,
          0,
          0.0139618395,
          0.99912363,
          0.039459776,
          0,
          -0.33326843,
          0.04185696,
          -0.94190234,
          0,
          -1.3674202,
          1.8104362,
          -2.09029,
          1
        ]
      },
      {
        "date" : 747959726.19207,
        "title" : "Untitled",
        "transform" : [
          -0.9460937,
          -1.3723211e-08,
          0.3238931,
          0,
          0.018974474,
          0.9982826,
          0.055424567,
          0,
          -0.32333684,
          0.05858251,
          -0.9444688,
          0,
          -0.9378338,
          2.5338967,
          -2.2013016,
          1
        ]
      }
    ],
    "AC7C8F1E-22C0-4E97-A30A-70AF972A38BA" : [
      {
        "date" : 748034826.180255,
        "title" : "Untitled",
        "transform" : [
          -0.9884703,
          -2.1861439e-08,
          -0.15141469,
          0,
          -0.0063972375,
          0.999107,
          0.041762732,
          0,
          0.1512792,
          0.042249855,
          -0.98758775,
          0,
          0.053435043,
          0.20498142,
          -0.20451324,
          1
        ]
      },
      {
        "date" : 748028491.192144,
        "title" : "Untitled",
        "transform" : [
          -0.9884703,
          -2.1861439e-08,
          -0.15141469,
          0,
          -0.0063972375,
          0.999107,
          0.041762732,
          0,
          0.1512792,
          0.042249855,
          -0.98758775,
          0,
          0.026609281,
          0.15446705,
          -0.2107835,
          1
        ]
      },
      {
        "date" : 748028487.441943,
        "title" : "Untitled",
        "transform" : [
          -0.88603276,
          -2.4038595e-08,
          0.46362287,
          0,
          0.046324477,
          0.99499553,
          0.08853097,
          0,
          -0.46130297,
          0.099918425,
          -0.8815985,
          0,
          -0.105753966,
          0.16704324,
          -0.18030375,
          1
        ]
      },
      {
        "date" : 748028442.659953,
        "title" : "Untitled",
        "transform" : [
          -0.9998814,
          -2.3066004e-08,
          -0.015404799,
          0,
          -0.0026666066,
          0.98490363,
          0.17308258,
          0,
          0.015171954,
          0.17310312,
          -0.98478687,
          0,
          -0.003347069,
          0.18286783,
          -0.20522635,
          1
        ]
      },
      {
        "date" : 748023197.753971,
        "title" : "Untitled",
        "transform" : [
          -0.92887175,
          -2.3269905e-08,
          0.37040162,
          0,
          -0.033186756,
          0.9959781,
          -0.08322386,
          0,
          -0.3689122,
          -0.08959674,
          -0.92513585,
          0,
          -0.21475382,
          0.17634222,
          -0.51331013,
          1
        ]
      },
      {
        "date" : 748021194.029448,
        "title" : "Untitled",
        "transform" : [
          -0.92887175,
          -2.3269905e-08,
          0.37040162,
          0,
          -0.033186756,
          0.9959781,
          -0.08322386,
          0,
          -0.3689122,
          -0.08959674,
          -0.92513585,
          0,
          -0.21604276,
          0.21502402,
          -0.5165424,
          1
        ]
      },
      {
        "date" : 748018167.427898,
        "title" : "Untitled",
        "transform" : [
          -0.6300387,
          -2.4148807e-08,
          -0.7765638,
          0,
          -0.058776226,
          0.9971316,
          0.047686107,
          0,
          0.77433604,
          0.075687565,
          -0.6282317,
          0,
          0.41890904,
          0.30712858,
          -0.34294662,
          1
        ]
      },
      {
        "date" : 748015167.651898,
        "title" : "Untitled",
        "transform" : [
          -0.98056513,
          -2.1404523e-08,
          0.1961941,
          0,
          -0.035578676,
          0.98341966,
          -0.17781992,
          0,
          -0.19294143,
          -0.18134436,
          -0.9643069,
          0,
          -0.08122871,
          0.1746204,
          -0.51211,
          1
        ]
      },
      {
        "date" : 748015152.726948,
        "title" : "Untitled",
        "transform" : [
          -0.999121,
          -2.0985352e-08,
          -0.041919917,
          0,
          0.00986609,
          0.9719094,
          -0.23514867,
          0,
          0.04074204,
          -0.23535556,
          -0.9710551,
          0,
          0.03997792,
          0.170632,
          -0.416054,
          1
        ]
      },
      {
        "date" : 748015130.376706,
        "title" : "Untitled",
        "transform" : [
          -0.9911025,
          -2.1558533e-08,
          0.13310112,
          0,
          -0.02641466,
          0.98010993,
          -0.19668986,
          0,
          -0.13045399,
          -0.19845565,
          -0.9713893,
          0,
          -0.12366449,
          0.17397925,
          -0.31331846,
          1
        ]
      }
    ]
  },
  "sceneViewportBackgroundColors" : {

  },
  "selectedSceneRelativePath" : "Assets\/HeadScene.usda"
}